solid OpenSCAD_Model
  facet normal 0 0 -1
    outer loop
      vertex -3.23358 1.33939 0
      vertex -2.47487 2.47487 0
      vertex -3.5 0 0
    endloop
  endfacet
  facet normal 0 0 -1
    outer loop
      vertex -3.5 0 0
      vertex -2.47487 2.47487 0
      vertex -1.33939 3.23358 0
    endloop
  endfacet
  facet normal 0 0 -1
    outer loop
      vertex -3.5 0 0
      vertex -1.33939 3.23358 0
      vertex 0 3.5 0
    endloop
  endfacet
  facet normal 0 0 -1
    outer loop
      vertex -3.5 0 0
      vertex 0 3.5 0
      vertex 1.33939 3.23358 0
    endloop
  endfacet
  facet normal 0 0 -1
    outer loop
      vertex -3.5 0 0
      vertex 1.33939 3.23358 0
      vertex 2.47487 2.47487 0
    endloop
  endfacet
  facet normal 0 0 -1
    outer loop
      vertex -3.5 0 0
      vertex 2.47487 2.47487 0
      vertex 3.23358 1.33939 0
    endloop
  endfacet
  facet normal 0 0 -1
    outer loop
      vertex -3.5 0 0
      vertex 3.23358 1.33939 0
      vertex 3.5 0 0
    endloop
  endfacet
  facet normal 0 0 -1
    outer loop
      vertex -3.5 0 0
      vertex 3.5 0 0
      vertex 3.23358 -1.33939 0
    endloop
  endfacet
  facet normal 0 0 -1
    outer loop
      vertex -3.5 0 0
      vertex 3.23358 -1.33939 0
      vertex 2.47487 -2.47487 0
    endloop
  endfacet
  facet normal 0 0 -1
    outer loop
      vertex -3.5 0 0
      vertex 2.47487 -2.47487 0
      vertex 1.33939 -3.23358 0
    endloop
  endfacet
  facet normal 0 0 -1
    outer loop
      vertex -3.5 0 0
      vertex 1.33939 -3.23358 0
      vertex 0 -3.5 0
    endloop
  endfacet
  facet normal 0 0 -1
    outer loop
      vertex -3.5 0 0
      vertex 0 -3.5 0
      vertex -1.33939 -3.23358 0
    endloop
  endfacet
  facet normal 0 0 -1
    outer loop
      vertex -3.5 0 0
      vertex -1.33939 -3.23358 0
      vertex -2.47487 -2.47487 0
    endloop
  endfacet
  facet normal 0 0 -1
    outer loop
      vertex -3.5 0 0
      vertex -2.47487 -2.47487 0
      vertex -3.23358 -1.33939 0
    endloop
  endfacet
  facet normal 0.980785 0.195091 0
    outer loop
      vertex 3.23358 1.33939 0
      vertex 3.23358 1.33939 4
      vertex 3.5 0 4
    endloop
  endfacet
  facet normal 0.980785 0.195091 0
    outer loop
      vertex 3.5 0 0
      vertex 3.23358 1.33939 0
      vertex 3.5 0 4
    endloop
  endfacet
  facet normal 0.83147 0.55557 0
    outer loop
      vertex 2.47487 2.47487 0
      vertex 2.47487 2.47487 4
      vertex 3.23358 1.33939 4
    endloop
  endfacet
  facet normal 0.83147 0.55557 0
    outer loop
      vertex 3.23358 1.33939 0
      vertex 2.47487 2.47487 0
      vertex 3.23358 1.33939 4
    endloop
  endfacet
  facet normal -0.980785 0.195091 0
    outer loop
      vertex -3.5 0 4
      vertex -3.23358 1.33939 4
      vertex -3.5 0 0
    endloop
  endfacet
  facet normal -0.980785 0.195091 0
    outer loop
      vertex -3.5 0 0
      vertex -3.23358 1.33939 4
      vertex -3.23358 1.33939 0
    endloop
  endfacet
  facet normal -0.980785 -0.195091 0
    outer loop
      vertex -3.23358 -1.33939 0
      vertex -3.23358 -1.33939 4
      vertex -3.5 0 0
    endloop
  endfacet
  facet normal -0.980785 -0.195091 0
    outer loop
      vertex -3.5 0 0
      vertex -3.23358 -1.33939 4
      vertex -3.5 0 4
    endloop
  endfacet
  facet normal -0.83147 -0.55557 0
    outer loop
      vertex -2.47487 -2.47487 0
      vertex -2.47487 -2.47487 4
      vertex -3.23358 -1.33939 0
    endloop
  endfacet
  facet normal -0.83147 -0.55557 0
    outer loop
      vertex -3.23358 -1.33939 0
      vertex -2.47487 -2.47487 4
      vertex -3.23358 -1.33939 4
    endloop
  endfacet
  facet normal -0.55557 -0.83147 0
    outer loop
      vertex -2.47487 -2.47487 0
      vertex -1.33939 -3.23358 0
      vertex -1.33939 -3.23358 4
    endloop
  endfacet
  facet normal -0.55557 -0.83147 0
    outer loop
      vertex -2.47487 -2.47487 4
      vertex -2.47487 -2.47487 0
      vertex -1.33939 -3.23358 4
    endloop
  endfacet
  facet normal -0.195091 -0.980785 0
    outer loop
      vertex -1.33939 -3.23358 0
      vertex 0 -3.5 0
      vertex 0 -3.5 4
    endloop
  endfacet
  facet normal -0.195091 -0.980785 0
    outer loop
      vertex -1.33939 -3.23358 4
      vertex -1.33939 -3.23358 0
      vertex 0 -3.5 4
    endloop
  endfacet
  facet normal 0.195091 -0.980785 0
    outer loop
      vertex 0 -3.5 0
      vertex 1.33939 -3.23358 0
      vertex 1.33939 -3.23358 4
    endloop
  endfacet
  facet normal 0.195091 -0.980785 0
    outer loop
      vertex 0 -3.5 4
      vertex 0 -3.5 0
      vertex 1.33939 -3.23358 4
    endloop
  endfacet
  facet normal 0.55557 -0.83147 0
    outer loop
      vertex 1.33939 -3.23358 0
      vertex 2.47487 -2.47487 0
      vertex 2.47487 -2.47487 4
    endloop
  endfacet
  facet normal 0.55557 -0.83147 0
    outer loop
      vertex 1.33939 -3.23358 4
      vertex 1.33939 -3.23358 0
      vertex 2.47487 -2.47487 4
    endloop
  endfacet
  facet normal 0.83147 -0.55557 0
    outer loop
      vertex 2.47487 -2.47487 0
      vertex 3.23358 -1.33939 0
      vertex 3.23358 -1.33939 4
    endloop
  endfacet
  facet normal 0.83147 -0.55557 0
    outer loop
      vertex 2.47487 -2.47487 4
      vertex 2.47487 -2.47487 0
      vertex 3.23358 -1.33939 4
    endloop
  endfacet
  facet normal 0.980785 -0.195091 0
    outer loop
      vertex 3.23358 -1.33939 0
      vertex 3.5 0 0
      vertex 3.5 0 4
    endloop
  endfacet
  facet normal 0.980785 -0.195091 0
    outer loop
      vertex 3.23358 -1.33939 4
      vertex 3.23358 -1.33939 0
      vertex 3.5 0 4
    endloop
  endfacet
  facet normal 0.55557 0.83147 0
    outer loop
      vertex 1.33939 3.23358 4
      vertex 2.47487 2.47487 4
      vertex 1.33939 3.23358 0
    endloop
  endfacet
  facet normal 0.55557 0.83147 0
    outer loop
      vertex 1.33939 3.23358 0
      vertex 2.47487 2.47487 4
      vertex 2.47487 2.47487 0
    endloop
  endfacet
  facet normal 0.195091 0.980785 0
    outer loop
      vertex 0 3.5 4
      vertex 1.33939 3.23358 4
      vertex 0 3.5 0
    endloop
  endfacet
  facet normal 0.195091 0.980785 0
    outer loop
      vertex 0 3.5 0
      vertex 1.33939 3.23358 4
      vertex 1.33939 3.23358 0
    endloop
  endfacet
  facet normal -0.195091 0.980785 0
    outer loop
      vertex -1.33939 3.23358 4
      vertex 0 3.5 4
      vertex -1.33939 3.23358 0
    endloop
  endfacet
  facet normal -0.195091 0.980785 0
    outer loop
      vertex -1.33939 3.23358 0
      vertex 0 3.5 4
      vertex 0 3.5 0
    endloop
  endfacet
  facet normal -0.55557 0.83147 0
    outer loop
      vertex -2.47487 2.47487 4
      vertex -1.33939 3.23358 4
      vertex -2.47487 2.47487 0
    endloop
  endfacet
  facet normal -0.55557 0.83147 0
    outer loop
      vertex -2.47487 2.47487 0
      vertex -1.33939 3.23358 4
      vertex -1.33939 3.23358 0
    endloop
  endfacet
  facet normal -0.83147 0.55557 0
    outer loop
      vertex -3.23358 1.33939 4
      vertex -2.47487 2.47487 4
      vertex -3.23358 1.33939 0
    endloop
  endfacet
  facet normal -0.83147 0.55557 0
    outer loop
      vertex -3.23358 1.33939 0
      vertex -2.47487 2.47487 4
      vertex -2.47487 2.47487 0
    endloop
  endfacet
  facet normal 0 0 1
    outer loop
      vertex -3.5 0 4
      vertex -3.23358 -1.33939 4
      vertex -2.47487 -2.47487 4
    endloop
  endfacet
  facet normal 0 0 1
    outer loop
      vertex 0 -3.5 4
      vertex -3.5 0 4
      vertex -1.33939 -3.23358 4
    endloop
  endfacet
  facet normal 0 0 1
    outer loop
      vertex -1.33939 -3.23358 4
      vertex -3.5 0 4
      vertex -2.47487 -2.47487 4
    endloop
  endfacet
  facet normal 0 0 1
    outer loop
      vertex 1.33939 -3.23358 4
      vertex -3.5 0 4
      vertex 0 -3.5 4
    endloop
  endfacet
  facet normal 0 0 1
    outer loop
      vertex 2.47487 -2.47487 4
      vertex -3.5 0 4
      vertex 1.33939 -3.23358 4
    endloop
  endfacet
  facet normal 0 0 1
    outer loop
      vertex 3.23358 -1.33939 4
      vertex -3.5 0 4
      vertex 2.47487 -2.47487 4
    endloop
  endfacet
  facet normal 0 0 1
    outer loop
      vertex 3.5 0 4
      vertex -3.5 0 4
      vertex 3.23358 -1.33939 4
    endloop
  endfacet
  facet normal 0 0 1
    outer loop
      vertex 3.23358 1.33939 4
      vertex -3.5 0 4
      vertex 3.5 0 4
    endloop
  endfacet
  facet normal 0 0 1
    outer loop
      vertex 2.47487 2.47487 4
      vertex -3.5 0 4
      vertex 3.23358 1.33939 4
    endloop
  endfacet
  facet normal 0 0 1
    outer loop
      vertex 1.33939 3.23358 4
      vertex -3.5 0 4
      vertex 2.47487 2.47487 4
    endloop
  endfacet
  facet normal 0 0 1
    outer loop
      vertex 0 3.5 4
      vertex -3.5 0 4
      vertex 1.33939 3.23358 4
    endloop
  endfacet
  facet normal 0 0 1
    outer loop
      vertex -1.33939 3.23358 4
      vertex -3.5 0 4
      vertex 0 3.5 4
    endloop
  endfacet
  facet normal 0 0 1
    outer loop
      vertex -2.47487 2.47487 4
      vertex -3.5 0 4
      vertex -1.33939 3.23358 4
    endloop
  endfacet
  facet normal 0 0 1
    outer loop
      vertex -3.23358 1.33939 4
      vertex -3.5 0 4
      vertex -2.47487 2.47487 4
    endloop
  endfacet
endsolid OpenSCAD_Model
